Makefile
0 0 50 1 1 8 0 0 0 0 0 255 1 0 0 255 1 0 0 255 
d3.v4.min.js
0 0 50 1 1 8 0 0 0 0 0 255 0 0 0 255 0 0 0 255 
df.xlsx
0 0 50 1 1 8 0 0 0 0 0 255 0 0 0 255 0 0 0 255 
gtk
0 -113 30 3 1 4 12256 -200 1 0 0 255 8 0 0 255 0 0 0 255 
h.txt
0 0 50 1 1 8 46 0 0 0 0 255 1 0 0 255 0 0 0 255 
index.html
0 0 50 1 1 8 0 0 0 0 0 255 0 0 0 255 0 0 0 255 
jquery.min.js
0 0 50 1 1 8 23 0 0 0 0 255 208 191 0 255 0 0 0 255 
m.cgi
0 0 50 1 1 8 192 0 0 0 0 255 16 188 3 255 0 0 0 255 
m.txt
0 0 50 1 1 8 0 0 0 0 0 255 0 0 0 255 0 0 0 255 
mpl.cgi
0 0 50 1 1 8 0 0 0 0 0 255 0 0 0 255 0 0 0 255 
mpld3.cgi
0 0 50 1 1 8 144 0 0 0 0 255 0 0 0 255 0 0 0 255 
mpld3.v0.1.js
0 0 50 1 1 8 -13802 16912 0 0 0 255 25 1 16 255 0 0 0 255 
mpld3.v0.2.js
0 0 50 1 1 8 0 0 0 0 0 255 0 0 0 255 0 0 0 255 
mpld3_demo.html
0 0 50 1 1 8 0 0 0 0 0 255 0 0 0 255 0 0 0 255 
obj
0 -105 -11 3 1 4 0 0 0 0 0 255 0 0 0 255 0 0 0 255 
src
0 -101 89 3 1 4 0 0 0 0 0 255 0 0 0 255 0 0 0 255 
